36.19
35.30
36.55
35.97
36.49
35.86
36.15
36.13
36.31
35.58
35.24
36.97
35.27
36.48
36.72
36.54
34.89
37.18
35.63
35.81
35.80
35.03
35.96
35.93
36.58
36.06
35.04
35.86
37.42
36.14
34.75
34.56
36.62
37.79
35.16
36.97
35.25
34.47
35.94
34.94
36.87
35.46
36.17
36.37
35.79
36.21
33.73
34.39
33.69
35.17
35.65
35.40
36.76
35.27
36.68
35.90
35.02
36.54
35.35
37.98
35.43
34.27
36.74
35.10
34.51
36.17
36.56
36.57
35.43
35.09
35.69
35.91
35.93
36.25
36.85
33.50
37.70
36.50
35.98
35.46
35.55
35.84
35.96
34.34
33.80
35.83
36.69
35.63
36.12
38.17
36.67
34.93
37.43
35.14
36.12
34.51
36.49
36.42
36.83
36.39
36.18
35.89
33.60
34.36
33.45
35.33
35.96
36.22
34.52
32.68
32.85
36.63
35.33
36.70
34.28
35.76
35.15
35.90
32.86
33.95
35.69
35.74
36.37
38.23
35.88
35.78
36.30
36.60
35.07
36.18
37.09
35.54
34.53
36.35
34.62
36.23
34.87
35.77
36.74
36.65
36.89
36.49
36.66
35.35
36.53
36.49
35.43
37.76
37.01
34.25
34.46
36.09
35.72
35.79
35.48
36.26
36.09
34.64
35.05
35.89
33.31
35.10
34.18
36.41
33.97
35.31
36.08
36.36
35.26
34.72
33.99
37.16
37.07
35.70
35.35
36.67
37.50
35.07
35.75
37.42
36.04
35.56
35.93
35.42
34.57
36.72
37.65
34.10
34.01
36.14
36.43
35.10
37.04
35.29
34.87
34.99
34.79
36.93
34.34
34.18
34.74
34.64
35.63
35.94
37.53
36.26
36.90
34.75
35.69
36.41
35.03
34.83
34.17
34.90
34.99
35.78
37.71
36.30
35.71
36.29
34.77
37.71
36.72
35.12
35.08
36.75
35.52
35.33
38.42
36.42
36.38
36.04
35.32
36.93
34.50
36.56
35.45
33.92
35.80
36.16
34.77
35.16
35.78
36.81
33.96
36.33
36.92
36.07
34.12
34.51
35.39
34.99
35.79
36.33
34.95
34.87
37.27
35.27
35.63
37.27
36.13
38.44
34.14
37.14
37.73
35.48
37.36
34.66
36.18
36.21
35.95
34.90
35.76
36.64
36.33
34.52
35.84
35.05
35.24
35.70
36.02
36.61
36.41
35.61
34.90
35.37
35.20
36.51
35.82
35.93
37.72
36.64
37.49
37.08
34.28
35.67
36.17
33.57
35.51
35.67
34.50
35.81
34.91
34.89
35.95
35.51
34.13
35.88
34.64
34.72
36.60
33.96
35.04
33.41
34.97
35.95
36.44
35.72
35.53
37.37
36.55
35.03
36.24
37.04
34.83
35.93
34.02
36.57
35.63
35.15
34.40
36.44
34.34
35.82
34.46
35.30
36.90
36.39
36.83
36.67
35.63
35.94
34.78
36.81
35.31
36.19
36.86
35.09
35.57
34.18
36.96
36.35
35.22
33.43
35.71
35.49
35.38
36.24
36.41
35.58
35.18
35.88
35.29
35.88
35.63
35.23
36.22
35.50
35.06
35.56
34.51
35.15
36.11
34.74
34.47
36.11
35.61
37.99
35.73
32.81
36.37
35.28
34.33
35.06
36.45
36.29
35.52
35.63
36.76
35.30
35.48
36.04
35.87
34.83
37.43
36.17
35.15
35.41
34.26
34.13
35.87
36.37
36.03
36.19
35.28
36.23
34.61
34.44
35.12
34.77
35.50
36.06
36.69
34.71
36.08
36.14
34.37
37.01
36.11
36.44
35.98
34.91
35.85
35.07
36.53
35.22
36.00
36.06
36.56
36.16
34.97
34.96
37.20
36.73
35.46
35.21
35.83
37.48
34.83
35.84
35.68
37.18
35.56
33.96
34.46
36.82
34.71
36.31
35.78
34.78
34.84
36.05
37.19
35.37
35.81
35.67
36.20
36.56
34.50
36.17
35.87
35.46
35.85
36.76
35.37
36.31
36.66
34.39
34.31
34.21
35.63
35.50
36.51
35.33
36.31
35.47
34.37
34.66
36.32
36.17
35.09
35.35
35.67
35.03
35.38
35.21
34.85
36.14
35.29
35.26
36.20
37.53
35.51
35.83
37.46
35.62
35.13
34.24
36.78
36.48
34.85
36.40
34.28
36.39
34.47
36.06
36.41
36.58
38.12
34.74
34.82
36.39
35.73
36.83
36.64
36.63
35.22
34.78
34.14
35.91
35.52
37.17
35.71
36.23
34.52
35.44
34.58
34.83
36.91
34.82
36.85
37.15
34.60
35.78
35.56
35.52
34.65
35.72
35.39
37.86
37.19
35.98
35.75
33.40
36.14
35.39
35.28
35.54
37.25
34.97
35.10
35.35
34.70
35.66
36.39
36.47
37.80
35.34
37.12
34.73
35.97
36.32
37.25
36.61
35.05
36.79
34.94
37.13
37.14
35.59
36.55
36.79
36.46
37.56
34.55
36.26
35.07
35.92
35.69
36.39
35.52
35.37
35.51
35.60
35.81
35.79
35.17
35.80
32.91
34.63
34.39
36.37
35.26
34.75
35.22
35.79
34.07
35.54
36.12
38.29
35.58
36.59
35.28
36.47
34.53
36.16
35.92
36.53
35.22
36.19
36.11
35.12
36.35
35.92
35.95
36.70
35.36
36.24
35.60
36.04
36.11
35.61
37.11
37.03
35.53
35.85
35.47
35.60
36.08
36.63
34.60
34.48
36.55
35.15
34.63
35.35
36.21
35.19
35.06
36.65
36.10
35.57
35.38
37.61
35.08
36.58
34.62
36.04
37.79
35.25
34.26
35.56
35.21
34.79
35.24
36.65
34.96
36.17
35.08
35.49
35.95
34.42
34.74
36.75
33.83
35.22
35.46
35.48
36.56
35.32
35.89
34.47
36.06
33.91
34.70
36.00
34.16
34.83
33.94
35.39
35.49
35.85
35.30
35.80
34.94
37.49
33.94
36.51
36.17
33.76
33.71
33.75
36.26
35.92
36.42
35.84
35.94
36.19
35.80
36.95
36.47
33.77
36.48
34.53
37.06
36.78
34.47
34.87
35.52
36.01
34.65
35.77
37.30
35.20
37.13
36.08
37.17
34.42
35.52
33.99
36.36
32.85
37.13
36.60
36.80
35.41
33.06
35.71
35.23
33.25
35.89
34.50
34.38
35.30
36.28
35.94
35.25
37.42
35.32
34.24
35.77
36.49
35.39
36.34
36.25
35.62
34.61
36.23
35.39
37.01
34.73
36.13
36.33
35.92
33.95
36.54
37.23
33.26
34.79
35.04
36.04
34.17
34.99
34.94
35.78
34.48
36.71
35.48
34.49
34.12
36.05
34.15
35.63
36.98
36.22
35.46
34.57
34.16
36.09
36.03
35.75
33.94
37.87
36.11
35.62
36.14
36.42
36.16
34.44
36.40
38.05
35.28
33.61
36.42
35.81
35.84
35.42
34.71
35.66
35.07
34.86
35.48
34.78
36.12
34.23
35.67
36.07
36.37
36.60
35.62
36.03
36.09
34.63
35.43
35.90
37.56
36.23
35.42
35.43
36.50
36.82
35.54
36.64
35.57
35.87
34.66
35.78
35.61
36.88
36.01
37.03
36.35
35.34
36.30
35.49
36.36
36.15
34.44
36.59
36.81
34.87
35.69
34.20
34.84
36.06
35.82
36.23
34.33
35.48
35.50
34.23
35.52
34.33
37.73
34.67
35.46
35.11
35.63
36.58
35.93
36.02
34.98
35.98
36.92
35.23
37.23
37.12
37.05
36.04
35.25
37.55
33.34
36.85
34.99
35.82
35.74
36.34
33.89
35.14
34.84
34.60
36.59
35.87
32.70
35.75
36.29
35.64
37.53
36.09
35.98
36.16
34.55
34.90
34.79
34.66
37.11
35.47
35.47
35.56
36.23
36.69
35.40
37.29
35.82
35.58
34.44
35.13
35.49
35.93
36.17
37.40
36.37
37.33
35.70
34.89
35.72
34.25
35.59
34.38
36.17
36.97
35.99
35.11
34.25
34.66
34.80
35.00
37.01
36.40
35.80
34.90
37.29
36.59
36.58
35.01
36.80
33.67
35.05
36.21
35.14
35.78
34.47
34.11
35.55
35.86
35.46
35.56
34.43
34.99
36.19
35.74
36.85
36.73
35.23
35.00
35.98
36.15
35.22
33.71
35.40
33.34
36.42
35.30
37.70
36.08
36.06
36.20
35.68
37.25
33.93
34.24
36.40
35.79
35.52
35.90
35.28
35.06
35.94
36.02
35.90
38.36
35.16
34.52
35.41
36.95
34.25
35.32
35.74
36.02
35.69
35.25
35.86
37.05
34.72
35.62
35.77
35.88
36.13
36.61
35.75
