36.52
36.36
36.16
36.45
36.42
36.66
36.31
36.26
37.47
35.99
35.52
37.27
35.73
36.67
36.76
37.19
34.93
37.49
35.91
36.58
36.25
35.68
36.34
36.36
37.07
36.90
34.85
36.39
37.60
35.89
35.39
34.59
36.63
37.30
35.86
37.17
34.94
34.38
36.57
35.42
37.41
36.13
35.95
36.46
36.64
36.50
34.71
34.33
33.82
35.80
35.71
35.42
36.26
36.25
36.78
35.74
34.92
36.96
35.50
37.86
35.49
34.14
37.24
35.32
35.51
36.27
36.23
37.19
35.67
35.30
36.20
36.41
36.57
36.54
37.08
33.81
37.26
36.80
37.44
35.53
35.43
35.89
35.76
34.75
34.24
36.52
36.14
35.69
35.73
37.58
36.91
35.28
37.45
35.48
36.67
35.39
36.68
36.35
36.89
36.31
36.63
35.96
33.91
34.69
32.57
35.27
35.64
35.61
34.86
32.89
33.90
37.61
34.59
36.98
34.43
36.21
35.19
36.79
33.27
34.36
36.10
36.14
36.95
38.50
36.22
36.66
36.58
36.14
35.04
36.39
36.58
36.04
35.34
36.39
34.80
36.34
35.28
36.12
37.16
36.54
36.74
36.24
36.99
35.40
37.05
36.48
36.03
37.18
37.35
34.70
34.18
36.68
35.25
36.22
36.16
36.41
36.74
35.22
35.67
36.18
34.40
35.90
34.23
37.08
34.05
35.70
35.92
36.95
36.13
35.04
34.39
37.53
36.58
36.14
35.59
36.51
37.32
35.09
35.55
38.22
36.32
35.18
36.47
35.95
35.15
36.75
37.68
34.73
34.60
36.08
36.53
35.78
37.63
35.90
34.72
35.77
36.27
35.90
34.21
34.41
34.48
34.47
35.73
36.30
37.85
37.12
37.27
34.63
36.45
36.29
35.25
34.40
35.01
35.41
35.48
35.74
37.92
36.40
35.87
36.52
34.81
37.73
37.66
36.01
35.66
37.27
36.87
35.94
38.60
37.23
36.61
35.93
35.70
37.16
35.37
37.62
36.30
34.78
35.99
36.48
35.15
35.88
36.19
37.01
34.12
36.17
37.10
36.84
33.94
34.51
36.72
35.96
36.57
36.52
35.36
34.39
37.68
35.93
35.76
37.49
36.11
38.27
34.56
37.54
37.10
36.32
37.52
34.74
36.40
35.99
35.45
35.27
34.94
37.29
36.63
35.38
36.33
35.85
34.90
35.98
36.11
37.64
36.20
36.49
35.37
35.31
36.01
36.63
36.25
36.04
38.14
36.69
36.99
36.88
34.15
36.19
36.40
34.46
35.38
36.01
34.97
36.23
36.26
35.32
36.48
36.10
34.60
36.39
35.97
35.04
36.85
34.06
34.71
33.73
35.54
36.05
37.11
35.96
35.43
37.90
36.74
35.72
36.79
37.04
35.60
36.24
34.37
36.79
35.30
35.66
35.00
35.80
35.01
36.48
35.15
36.03
37.35
36.31
37.26
36.78
35.81
36.96
34.75
37.27
35.56
36.51
36.85
36.07
36.85
35.36
36.84
36.66
35.35
33.35
36.46
36.22
35.63
36.24
37.22
36.10
36.06
35.12
36.08
36.31
35.60
35.35
36.77
35.66
35.47
36.00
34.93
35.63
36.51
35.39
34.95
35.82
35.99
38.26
35.65
32.56
37.12
35.13
34.24
35.66
36.36
36.30
35.14
36.55
37.69
34.98
35.09
35.96
36.25
34.53
37.55
36.33
34.88
35.43
35.32
34.42
35.84
36.60
36.13
36.92
35.82
36.74
34.72
35.33
35.54
34.65
35.46
36.24
37.70
34.79
37.15
36.88
35.33
37.55
37.12
36.62
35.30
35.43
35.96
35.89
36.20
35.93
36.33
36.12
36.81
36.79
35.40
36.13
37.76
36.50
35.71
35.35
35.86
37.96
35.33
35.99
35.80
37.54
35.92
33.78
35.60
36.58
35.43
36.38
36.06
34.75
34.93
36.39
37.23
36.47
36.40
35.21
36.05
36.67
34.58
36.51
36.51
35.77
36.11
37.05
35.88
36.56
37.01
35.10
33.82
35.23
36.19
35.57
36.85
35.19
36.63
35.54
35.19
34.47
36.51
37.28
36.11
35.48
35.39
35.07
35.93
35.54
35.33
36.74
36.13
36.48
36.78
37.34
35.63
36.18
37.95
35.58
35.23
34.12
36.81
36.85
34.96
36.06
34.63
36.94
34.75
36.94
36.77
36.61
37.86
35.03
35.29
37.07
35.39
37.05
36.41
36.29
35.79
35.78
34.33
36.46
35.69
37.34
35.67
36.05
34.18
35.79
34.61
34.42
37.55
34.64
36.74
37.06
35.07
35.78
36.67
35.99
34.59
35.25
36.09
37.71
37.32
36.53
36.29
34.36
36.08
35.90
35.25
36.27
36.95
34.78
35.79
35.18
35.21
36.38
37.58
36.57
38.31
35.87
38.03
35.32
36.47
36.72
37.39
37.24
35.32
37.30
35.25
37.15
37.27
35.52
36.84
37.19
36.48
37.38
35.57
36.24
34.70
36.49
36.27
36.28
35.89
34.94
35.72
35.88
36.27
35.94
35.56
36.53
33.12
34.95
34.73
36.69
35.39
35.60
34.77
35.04
34.05
36.73
36.86
38.54
35.90
36.51
35.50
37.27
35.18
36.32
35.66
36.59
35.57
36.28
37.03
35.24
36.20
35.84
36.46
37.12
35.73
36.31
35.99
36.18
35.26
35.54
37.47
36.41
36.15
35.91
35.11
35.91
36.61
36.18
35.07
35.56
36.74
35.72
34.28
36.21
36.60
35.58
35.22
36.91
36.10
35.77
36.02
37.20
35.71
36.51
35.55
35.58
37.85
35.20
34.23
35.88
36.12
35.15
35.97
36.40
35.83
36.36
35.79
35.93
35.43
34.80
34.69
37.14
34.23
35.55
35.84
35.04
36.53
35.80
36.61
34.55
36.42
34.39
34.40
36.47
34.35
35.29
33.99
35.44
36.20
36.15
35.14
36.36
34.86
37.62
34.54
37.34
36.70
34.78
34.08
34.51
36.83
36.53
36.32
36.37
36.92
36.62
36.41
37.78
36.76
34.76
36.49
35.15
37.46
36.93
35.43
36.20
36.21
36.32
35.48
35.82
37.43
35.66
37.23
35.32
37.49
33.83
35.50
34.29
36.24
33.46
37.39
36.85
36.51
35.14
33.34
36.22
35.35
33.55
36.12
35.59
34.17
34.78
36.41
36.49
35.59
36.81
36.20
34.88
35.97
37.56
35.73
36.09
36.13
36.19
34.99
36.37
35.39
36.88
35.10
36.71
36.88
35.70
34.92
37.08
37.25
34.26
35.95
36.14
35.96
34.72
35.50
36.19
36.66
35.29
37.05
36.05
35.13
34.38
36.21
35.12
35.35
36.43
36.41
35.47
35.50
34.57
36.32
37.20
35.72
34.76
38.54
36.30
36.43
36.46
35.83
36.79
34.91
36.94
38.21
35.22
34.01
36.36
36.42
36.24
36.24
35.72
36.09
35.77
35.01
35.76
35.59
36.91
34.67
36.53
36.54
36.39
36.63
35.90
36.23
36.74
35.48
36.14
35.97
37.50
35.40
35.65
35.35
36.12
37.54
36.33
36.84
35.99
35.59
34.64
36.75
35.39
37.29
36.24
37.88
37.04
35.85
36.30
35.94
35.90
35.77
34.60
36.82
36.77
35.51
35.71
34.18
35.84
36.79
36.56
36.42
34.66
36.18
36.34
34.66
36.43
34.71
37.69
35.37
35.97
34.96
35.86
36.92
36.56
37.04
34.73
36.56
36.75
35.92
37.77
36.15
37.19
36.32
36.30
37.96
34.13
37.39
34.74
35.83
37.00
36.65
35.10
36.18
35.54
35.16
37.39
36.85
34.17
35.62
36.01
36.04
37.48
36.92
36.87
36.84
35.12
35.52
35.42
34.90
37.51
36.94
35.45
34.90
36.18
37.29
35.93
37.30
35.93
36.66
34.69
35.40
35.78
35.87
35.63
38.09
36.56
37.57
35.97
35.57
35.38
34.61
36.01
35.03
36.41
36.87
36.79
35.59
34.98
35.43
35.08
35.48
37.29
36.66
36.14
35.09
37.56
36.27
37.19
35.32
37.33
34.48
35.60
37.21
36.01
35.60
34.78
35.24
35.77
36.66
35.59
36.24
34.62
36.03
36.31
36.30
37.26
36.63
36.37
35.24
35.74
36.57
36.35
34.05
35.95
34.25
36.95
35.60
38.15
36.32
35.80
36.25
35.76
37.30
34.23
34.40
36.92
35.89
35.61
36.15
35.50
35.66
36.46
36.47
36.42
38.49
35.25
34.72
36.32
37.79
35.31
35.49
35.11
37.08
35.93
35.96
36.27
37.03
35.08
35.70
36.08
36.64
36.04
37.33
35.45
