35.73
35.16
35.90
36.52
36.20
36.55
35.85
35.67
36.23
35.56
35.27
36.05
35.39
36.47
36.69
36.52
34.59
36.45
35.35
35.62
34.68
34.62
35.66
35.95
36.22
35.98
34.53
36.40
36.41
35.97
34.51
34.42
36.63
37.66
35.22
36.24
34.74
34.98
35.77
34.72
37.12
35.30
36.05
36.00
35.58
36.35
34.04
33.89
33.75
35.31
35.78
34.65
36.51
35.39
36.18
35.42
34.73
36.32
35.27
37.22
35.35
34.08
37.09
34.90
34.69
36.45
36.66
35.84
34.94
34.55
35.97
36.03
36.15
35.94
36.87
33.03
36.85
36.44
36.10
35.26
34.90
35.05
35.34
34.31
33.42
35.92
35.96
35.32
36.16
37.56
36.47
34.92
37.52
35.22
35.95
34.19
36.71
35.63
36.39
36.42
36.72
35.27
33.96
34.29
33.07
34.83
36.01
35.69
33.75
32.01
33.75
36.20
34.00
36.84
34.23
35.45
35.41
36.65
32.57
34.20
35.90
35.80
35.86
37.86
35.44
35.70
36.66
35.60
34.71
35.95
36.84
35.27
34.34
36.23
34.12
35.78
34.53
35.19
36.98
36.94
36.30
36.09
36.00
35.04
36.84
35.94
35.08
36.52
36.53
34.58
34.14
35.81
34.80
36.32
34.78
36.26
36.06
34.79
34.58
35.90
33.54
35.14
33.71
36.72
33.44
34.68
36.24
36.32
35.89
34.44
34.58
37.28
36.04
35.62
35.04
35.75
36.96
34.77
35.97
37.78
35.69
34.85
36.19
35.83
34.46
35.77
37.58
34.21
34.25
36.11
36.09
35.59
36.99
34.91
34.71
35.77
35.78
36.75
34.63
33.96
34.47
34.13
35.05
36.02
37.66
36.45
36.43
34.69
35.73
36.67
34.79
34.32
33.78
34.57
34.94
35.03
37.29
36.07
36.02
36.07
35.19
37.24
36.85
35.28
35.67
36.86
35.89
34.87
37.97
36.62
36.48
35.45
35.17
36.45
35.02
36.46
35.42
34.22
35.69
35.96
34.95
35.32
35.52
36.44
34.68
36.34
36.40
35.64
34.37
34.13
35.57
35.16
35.66
35.86
35.91
34.33
36.63
35.54
35.44
37.15
35.60
38.32
34.07
36.64
36.71
36.17
37.14
34.86
35.53
35.99
35.61
35.16
35.47
36.91
36.15
35.22
35.97
35.02
35.35
35.31
36.11
36.03
35.87
35.38
35.17
34.78
35.95
36.16
36.01
35.85
36.60
36.79
36.46
36.81
34.02
36.08
36.56
33.63
35.83
35.77
34.09
36.03
35.20
34.58
36.29
35.57
34.04
36.80
35.64
35.04
36.74
33.33
35.01
33.84
34.10
35.70
35.63
35.23
35.05
37.50
35.74
34.75
36.59
36.89
34.46
35.82
34.04
36.84
34.19
34.82
34.72
36.34
33.98
36.28
34.31
35.57
37.20
36.10
36.58
36.23
36.00
36.08
33.99
36.19
35.15
36.07
36.81
34.84
35.61
34.30
37.51
36.51
34.45
32.60
35.97
35.36
35.07
36.43
35.67
35.47
35.20
34.48
34.95
35.56
35.27
35.19
36.31
34.85
35.06
35.46
33.86
35.51
35.98
33.83
33.91
35.95
35.53
37.64
35.77
32.01
36.47
35.36
33.95
34.68
36.10
36.60
35.10
35.87
36.85
34.81
34.74
35.30
35.93
34.13
37.59
35.79
34.60
35.06
34.63
34.42
35.86
36.22
35.24
37.25
35.14
36.32
34.37
34.10
35.25
34.54
34.99
36.44
36.90
34.67
36.43
35.30
34.38
37.02
36.16
36.39
35.10
34.60
35.51
35.26
35.76
34.99
35.29
35.78
36.04
36.94
34.82
34.96
36.62
36.78
35.59
35.14
35.13
37.69
35.09
35.51
35.57
37.28
34.73
32.50
34.51
36.70
34.92
36.64
35.32
34.42
34.72
35.69
36.65
35.60
36.26
34.86
35.84
37.22
34.67
35.92
35.48
35.52
36.22
36.39
35.65
36.25
36.83
34.16
33.83
34.04
35.42
36.36
36.28
34.97
36.28
34.65
34.45
34.60
35.76
36.18
35.33
35.68
34.94
34.63
35.69
34.47
35.13
35.83
35.32
36.38
35.97
37.10
35.85
36.31
37.49
35.17
34.83
34.21
36.87
36.98
34.91
36.34
34.17
36.97
34.38
36.28
35.71
36.61
37.77
34.57
34.71
36.11
34.75
36.73
36.37
36.17
35.28
34.70
33.35
36.41
35.38
37.12
35.07
35.96
34.50
35.48
34.97
34.52
36.48
34.42
36.56
36.47
34.60
35.72
35.93
34.47
34.21
35.02
35.49
37.68
37.09
35.96
35.20
34.26
35.74
35.54
35.22
35.35
36.70
34.10
35.18
35.43
34.59
35.25
37.30
36.58
37.61
35.16
36.91
34.96
35.74
35.72
36.61
36.63
34.73
35.95
34.81
36.44
36.93
35.49
36.36
36.12
35.76
36.89
34.68
35.36
34.25
35.32
36.05
35.26
35.94
34.61
34.74
35.64
36.03
35.67
34.68
35.62
33.07
34.09
35.05
35.70
35.25
34.49
35.24
34.69
33.99
35.50
35.03
38.08
35.57
35.97
35.31
36.64
34.57
35.82
35.74
36.53
35.15
36.17
36.17
34.77
35.50
35.58
36.00
36.82
34.87
36.07
35.95
36.09
35.78
35.59
36.75
36.39
35.05
35.05
35.20
35.63
36.20
35.92
33.92
34.65
35.68
35.10
34.76
36.60
36.00
34.56
34.84
36.37
36.01
35.66
34.93
36.92
34.93
36.31
34.89
35.51
37.04
35.49
33.54
35.23
35.37
34.62
35.26
36.52
34.91
36.56
35.17
35.14
35.14
34.54
33.59
36.92
33.73
34.81
35.28
34.36
36.46
35.35
35.73
34.64
36.19
33.40
34.29
36.19
33.92
35.16
33.94
35.32
35.87
35.83
35.69
35.32
34.38
36.81
33.96
36.52
35.45
34.14
33.86
33.89
35.75
35.67
35.49
35.01
36.32
36.04
35.36
37.38
36.57
34.78
36.21
34.00
37.03
36.58
35.04
35.40
35.59
36.35
34.32
35.77
36.79
34.93
36.69
35.52
37.06
34.46
35.40
34.30
35.29
33.36
36.73
36.25
36.33
35.44
32.79
36.12
35.27
33.36
35.51
34.21
33.97
34.96
36.04
35.55
35.07
36.41
35.47
34.55
35.65
37.19
34.86
36.50
35.87
36.42
34.99
36.43
35.02
36.96
34.20
35.97
36.04
35.13
34.25
35.89
37.24
33.36
34.74
35.48
35.91
34.28
34.58
34.87
36.25
35.36
35.94
35.46
34.83
34.11
35.73
34.82
35.09
36.19
36.09
35.12
35.37
33.83
35.66
35.86
35.27
34.08
37.98
36.67
35.38
36.20
35.76
36.24
33.82
36.74
37.52
35.25
33.44
36.13
35.59
35.99
35.54
35.58
35.83
34.83
34.44
35.20
34.75
35.78
34.57
35.95
35.82
35.76
35.76
35.85
35.79
35.70
34.43
35.98
35.67
37.36
35.90
35.44
35.54
36.31
36.24
35.82
36.97
35.57
35.53
34.19
36.26
34.89
36.54
35.85
37.77
36.26
36.10
35.31
35.56
35.52
35.58
34.46
36.48
36.94
35.12
35.74
34.11
35.12
36.57
34.94
36.45
34.71
35.19
36.00
34.30
35.84
34.58
37.23
35.06
35.55
35.03
35.37
36.91
36.25
35.75
34.42
35.94
36.39
35.77
36.91
36.37
37.00
35.31
35.41
37.37
33.32
37.00
34.93
35.38
35.81
35.71
34.16
35.65
34.21
34.19
36.43
37.01
32.99
35.24
35.87
35.16
37.38
36.15
36.27
35.34
34.08
35.40
34.39
34.48
37.11
35.93
35.05
35.28
36.08
36.30
34.97
36.80
36.07
35.72
34.74
34.50
36.11
35.88
35.64
36.83
36.25
37.68
34.62
34.78
34.85
34.69
34.75
34.60
35.68
36.57
35.73
35.40
34.41
34.67
34.45
34.97
36.47
36.11
35.96
34.71
37.11
36.19
36.91
34.27
36.89
34.07
34.92
35.67
35.56
35.30
34.62
34.50
35.88
35.53
35.50
35.96
33.95
35.42
36.22
35.88
36.79
35.82
35.87
34.92
35.50
35.83
35.60
33.51
35.19
32.80
36.28
34.83
37.29
36.21
36.12
35.95
35.23
36.80
33.92
34.47
36.20
35.26
35.75
36.12
35.17
35.14
36.44
35.37
35.93
38.03
34.89
34.34
35.88
36.91
33.88
35.31
35.27
36.15
35.66
35.58
36.07
37.16
34.39
35.11
35.79
36.58
35.83
37.02
35.48
