35.70
35.01
35.98
36.27
36.39
36.07
35.92
36.28
36.62
35.62
35.03
36.63
35.72
36.26
36.71
36.89
34.26
37.01
35.45
35.57
35.26
35.11
36.44
36.35
36.78
36.69
35.12
35.61
37.35
36.40
34.76
34.57
37.24
37.63
35.51
36.29
35.35
34.08
36.27
34.92
37.13
35.13
35.70
36.59
35.50
36.38
33.79
34.36
33.69
35.50
35.46
35.52
36.30
35.61
36.63
35.52
35.31
36.84
34.82
37.73
35.50
34.66
36.51
35.14
34.84
36.25
36.60
35.92
35.43
34.62
36.30
36.35
36.10
36.08
36.62
34.08
37.06
36.26
36.37
35.28
35.21
36.21
35.27
33.84
33.49
35.93
36.06
35.11
36.32
37.53
36.70
35.34
37.50
35.07
36.27
33.99
36.36
35.79
37.26
36.25
36.38
35.39
33.65
34.41
33.40
35.33
36.01
35.57
34.28
32.34
33.85
36.73
34.60
36.86
34.51
36.11
35.18
36.34
32.87
34.28
35.81
35.75
36.41
38.14
35.30
35.80
36.77
36.19
35.48
35.98
36.75
35.45
34.25
36.66
34.42
36.47
34.80
35.29
36.74
36.24
36.15
35.95
36.45
35.35
37.29
36.33
35.46
37.24
36.47
34.79
34.61
36.28
34.77
36.22
35.02
35.95
36.45
35.34
34.44
36.00
33.55
35.57
34.22
37.31
33.92
35.73
36.52
36.10
35.50
35.03
34.58
36.74
36.74
35.67
35.56
36.39
37.54
35.12
35.93
37.20
36.33
34.97
35.77
35.03
34.59
36.12
37.70
34.67
34.08
36.67
36.08
34.80
36.49
35.03
35.01
35.41
35.37
36.21
34.24
34.11
35.12
34.98
35.96
35.21
37.43
36.46
37.01
34.77
35.54
36.18
35.74
35.16
34.34
34.57
35.10
35.40
37.75
36.40
35.99
36.28
34.79
36.96
36.95
34.95
35.99
37.30
36.00
35.61
38.01
36.69
36.47
35.84
35.56
37.03
34.79
36.57
35.64
34.05
35.74
35.86
34.86
35.12
35.45
36.53
34.13
36.76
35.93
35.38
34.19
34.25
35.63
35.22
35.77
36.18
35.32
34.13
37.22
34.99
35.69
37.14
35.98
38.42
33.60
36.72
36.58
35.83
37.05
35.25
36.22
36.02
35.45
35.12
35.45
37.00
36.37
35.52
35.72
34.95
35.42
35.19
36.02
36.27
35.69
35.83
35.47
34.70
35.71
36.44
35.84
35.61
36.89
36.63
36.44
36.61
33.79
35.47
36.65
33.94
35.55
36.25
34.17
36.57
34.92
35.06
36.16
35.60
34.39
37.14
35.46
34.88
37.46
33.44
35.28
33.40
35.26
35.54
35.87
35.52
34.73
37.20
36.10
35.03
36.23
36.76
34.36
35.10
33.90
36.84
34.97
35.65
33.95
35.85
34.49
35.58
34.56
36.33
37.27
35.54
36.76
36.63
35.47
36.40
34.57
35.97
35.60
36.22
37.17
35.50
36.05
34.18
37.55
36.32
35.38
32.61
36.47
35.32
35.19
36.20
37.06
35.84
35.44
35.17
35.17
35.97
35.17
34.50
36.20
34.56
35.37
35.82
34.75
34.90
36.89
34.14
33.80
35.61
35.39
36.95
34.98
32.70
36.57
35.42
34.23
34.62
35.67
36.02
35.20
35.61
37.07
34.99
35.01
35.69
35.45
34.85
37.50
35.22
34.42
35.56
34.37
34.55
35.88
36.15
35.78
37.19
35.01
36.23
35.10
34.50
35.08
34.91
35.19
35.76
36.90
34.59
36.30
35.85
35.04
36.85
35.59
36.22
35.10
34.36
35.90
35.64
36.65
35.32
36.01
35.78
36.65
36.52
34.84
35.10
36.61
36.67
35.14
35.01
35.76
37.88
35.34
35.61
35.37
37.25
35.65
33.33
34.96
36.72
34.96
36.38
36.32
34.46
34.46
36.11
37.02
35.30
36.52
35.35
36.33
37.03
34.03
36.37
35.54
34.81
35.86
36.58
35.43
36.35
36.74
34.87
33.76
34.42
35.52
36.02
36.06
35.19
36.47
35.21
34.40
34.45
35.58
36.20
35.73
35.66
34.70
34.75
35.64
35.29
34.69
35.85
35.58
36.09
36.10
36.90
36.45
35.97
37.60
35.02
34.26
33.66
36.63
36.68
35.03
36.36
34.34
37.27
34.22
36.51
36.40
36.67
37.34
34.76
34.71
37.00
34.90
36.81
35.69
36.36
35.13
34.12
33.75
37.17
34.98
37.31
35.17
35.92
34.41
35.86
35.06
33.72
36.92
34.40
36.87
36.43
34.78
35.63
35.96
35.61
34.56
35.73
35.49
37.75
37.41
36.35
35.35
34.05
35.74
35.56
35.41
36.00
36.86
34.49
34.75
35.12
34.75
35.09
37.60
36.39
37.71
35.39
37.55
35.53
35.97
36.07
37.38
36.58
34.97
36.12
35.17
37.31
36.88
35.88
36.42
36.72
35.75
36.73
35.13
35.66
33.93
35.34
35.87
35.54
36.03
35.13
35.24
35.32
35.80
35.75
35.07
35.81
32.84
34.47
34.55
35.98
35.66
34.31
35.47
35.20
34.36
35.56
35.49
37.81
35.73
36.28
34.92
36.50
35.89
35.67
35.88
36.65
35.63
35.56
36.47
34.99
35.90
36.00
35.71
37.07
35.19
36.48
36.09
35.89
35.71
35.76
36.05
36.25
35.18
35.34
34.91
35.93
36.61
36.15
34.64
34.84
35.96
35.74
35.02
35.91
37.29
35.17
34.95
36.23
36.17
35.31
35.86
36.86
35.33
36.41
34.64
35.54
37.20
35.83
33.86
35.61
34.86
35.11
35.21
36.76
35.16
36.99
35.53
35.16
35.12
33.80
34.83
37.16
34.06
35.20
35.84
34.81
36.42
35.37
35.78
34.88
35.91
33.87
34.54
36.21
33.84
35.10
34.24
35.16
36.49
36.22
35.52
36.29
35.09
37.06
33.58
36.92
35.63
34.66
33.99
34.15
35.83
35.20
36.72
35.70
36.10
35.68
36.19
37.54
36.82
34.32
36.47
34.89
37.11
36.44
34.69
35.68
36.09
35.87
34.78
35.99
37.15
34.64
36.73
35.74
37.03
34.26
35.23
34.19
36.09
33.28
36.74
37.15
36.81
34.91
33.24
36.39
36.04
34.09
35.49
34.31
33.53
34.85
35.66
35.71
35.62
36.88
35.22
34.88
35.68
36.13
35.56
36.43
36.33
35.66
35.08
36.71
34.98
36.66
34.54
36.52
36.10
35.69
34.50
36.45
37.42
33.82
35.69
35.58
35.83
34.80
35.53
35.48
35.07
34.60
36.65
35.41
34.60
34.82
35.50
34.85
35.66
36.54
35.43
35.57
35.11
34.03
36.55
36.75
35.56
34.05
37.85
35.43
35.79
36.87
35.50
36.95
34.29
37.31
37.91
34.85
33.58
36.21
36.30
36.41
35.13
35.55
36.37
35.72
34.55
35.46
35.05
36.05
34.73
35.75
36.22
35.79
36.10
35.66
36.01
36.44
34.54
35.90
35.78
37.63
35.81
35.69
35.13
36.53
36.86
36.24
37.46
35.97
35.90
34.72
36.57
35.39
37.20
35.85
37.52
35.93
36.00
35.51
35.33
36.04
35.58
34.65
36.44
37.14
35.07
36.00
33.57
35.34
36.40
35.44
36.15
34.96
35.49
35.99
33.87
35.63
34.07
37.65
35.53
35.94
34.40
35.80
37.33
36.24
35.90
34.03
36.18
36.73
36.24
37.31
36.14
36.78
35.88
35.71
37.08
33.67
37.61
34.60
36.18
36.38
35.29
33.60
35.12
34.07
34.09
36.67
36.61
33.32
35.91
35.82
35.81
37.68
36.27
35.87
36.05
35.29
35.44
34.21
35.25
37.75
36.85
34.85
34.77
35.93
36.56
35.24
36.52
35.93
35.90
33.92
34.73
35.14
35.75
35.82
37.58
36.03
37.49
34.83
34.86
34.35
34.56
35.48
34.56
35.96
36.96
35.82
35.41
34.51
34.97
35.03
34.70
36.83
36.37
36.45
35.01
37.29
36.21
37.16
35.07
37.59
34.17
35.46
35.61
35.47
35.57
34.32
34.22
35.60
35.72
35.53
36.32
34.00
35.55
35.86
35.81
36.27
36.76
36.12
35.39
35.74
35.41
35.53
33.63
35.61
33.20
36.48
34.71
37.17
35.98
36.71
35.21
34.90
37.08
34.02
33.94
36.67
35.04
35.16
36.13
35.04
34.99
36.23
35.33
35.44
38.13
35.28
34.04
36.22
37.06
34.25
35.86
35.32
36.43
35.85
34.77
35.85
36.76
35.02
35.14
35.97
36.05
36.28
36.47
35.56
