36.40
36.05
36.77
36.26
36.89
36.77
36.76
36.73
36.81
36.65
36.23
36.87
35.80
36.04
37.20
37.60
35.07
37.90
36.26
36.28
36.29
35.18
36.57
36.40
37.60
37.56
35.53
36.42
37.66
36.22
35.64
34.85
36.99
37.90
35.67
37.08
35.45
34.56
36.81
35.64
37.08
35.99
36.17
36.20
37.20
36.68
35.38
34.44
33.96
35.82
35.64
36.48
36.83
35.73
36.93
36.45
35.50
37.23
34.85
38.79
36.16
34.97
37.27
35.24
34.80
37.03
36.95
36.94
35.51
34.82
36.76
37.12
36.71
36.66
37.27
34.70
37.25
36.42
36.89
35.54
35.63
36.29
36.04
34.44
34.58
36.87
37.18
36.01
36.94
37.73
37.39
34.86
38.03
35.73
37.17
35.27
37.53
35.98
37.11
36.24
36.92
35.65
33.92
34.51
33.94
36.05
36.49
36.28
34.60
33.43
34.13
36.62
34.71
37.15
34.66
36.91
35.56
36.92
33.09
34.39
36.70
35.79
36.84
38.59
36.32
36.58
36.69
36.30
36.07
37.21
37.33
36.05
34.49
36.66
35.12
36.52
35.17
36.32
37.64
37.44
36.89
36.51
36.86
35.76
37.40
36.36
35.83
37.45
37.16
34.70
35.13
36.28
34.80
36.26
35.98
36.81
36.74
34.99
35.32
36.28
34.55
35.51
34.66
37.12
34.30
35.46
36.47
37.41
35.90
34.73
34.64
37.84
36.82
36.26
35.59
37.63
37.42
35.80
35.71
38.14
36.70
35.81
36.02
36.51
35.55
37.19
38.49
34.20
34.96
36.58
36.31
35.10
37.45
36.22
35.30
36.75
36.12
36.70
35.17
34.50
34.68
34.82
36.20
36.72
38.32
36.31
36.97
35.51
36.22
36.53
35.03
35.09
34.79
34.99
35.36
36.07
38.23
37.36
36.20
36.62
34.98
37.26
37.15
35.43
36.52
38.15
36.64
35.67
38.77
36.90
37.37
36.51
35.75
37.50
35.32
36.92
36.41
34.42
36.27
36.38
35.21
36.00
36.51
36.87
34.30
37.21
37.19
36.16
34.80
34.95
36.06
35.76
36.18
36.87
35.68
35.13
37.68
35.68
36.56
37.88
36.25
38.82
34.66
37.13
37.02
36.95
38.09
35.92
36.22
36.26
36.06
35.88
35.76
37.51
36.50
35.38
35.79
35.89
35.15
36.42
36.72
37.60
36.57
36.47
35.84
35.53
36.22
37.44
36.46
35.96
37.52
36.84
37.10
37.53
34.08
36.68
37.08
34.06
36.12
36.57
34.86
36.32
35.81
35.35
36.43
35.74
34.60
36.69
35.86
34.52
37.61
34.19
35.20
33.98
34.74
35.99
36.47
35.84
35.79
37.85
36.20
35.80
36.67
37.74
35.11
36.54
34.67
36.92
35.20
35.76
34.57
36.31
34.28
36.58
34.69
36.23
37.89
36.36
37.15
36.78
36.22
37.06
35.30
36.68
35.60
36.36
37.68
36.27
36.44
34.93
37.41
37.24
36.22
33.79
36.37
36.04
35.96
36.96
37.95
35.82
35.76
35.45
36.17
36.67
35.58
35.39
36.93
35.76
35.86
36.00
34.56
35.52
37.30
35.63
35.00
36.61
35.23
38.06
36.24
32.78
37.02
36.15
34.49
35.24
36.84
37.04
35.70
36.00
37.52
35.82
35.90
36.13
36.54
34.64
37.98
35.87
35.85
35.83
34.63
34.97
37.00
36.92
36.41
37.47
36.08
36.61
35.02
35.64
35.35
35.12
35.70
36.36
37.70
35.21
36.71
36.27
35.16
36.86
36.92
36.69
36.00
35.40
36.90
35.89
36.97
35.14
36.75
36.37
37.61
36.81
35.29
35.91
37.64
36.37
35.64
35.57
36.21
37.66
35.46
35.95
37.04
38.05
36.49
34.00
35.83
36.98
35.10
36.90
36.50
35.16
35.39
36.46
37.63
36.21
36.52
36.00
36.79
37.01
35.40
37.01
36.09
35.83
36.61
36.81
35.50
36.55
36.98
34.82
34.41
34.75
36.37
36.29
37.18
35.49
36.75
35.96
34.78
34.88
36.84
37.37
35.92
35.78
35.49
35.25
35.68
35.88
34.70
37.24
36.11
36.71
36.40
37.22
35.97
36.59
38.47
35.32
35.65
34.04
36.98
37.22
34.79
36.94
34.29
37.07
35.11
36.37
36.82
36.76
37.94
35.78
34.94
36.90
36.03
37.63
36.73
36.33
35.57
35.68
34.39
36.19
35.72
37.69
36.07
36.18
35.08
36.22
34.67
34.31
36.76
34.88
36.74
37.14
34.31
36.33
36.04
35.87
34.41
35.44
35.89
38.18
37.42
36.78
35.98
34.77
36.94
35.66
35.31
36.04
37.34
34.34
35.92
35.71
35.45
36.07
37.38
36.96
38.20
36.30
37.95
35.00
36.56
36.48
37.22
37.34
35.47
36.43
35.63
37.39
37.28
36.26
37.10
37.30
36.74
37.87
35.44
36.29
35.29
36.26
36.38
36.67
36.74
35.95
36.03
36.29
36.71
36.00
35.17
37.18
33.27
35.72
34.84
36.98
35.81
35.54
35.68
35.42
33.78
37.00
36.50
38.34
35.70
36.07
35.72
37.26
35.48
36.56
35.95
36.66
35.78
36.49
36.61
35.10
36.15
35.73
36.73
37.13
35.63
36.38
36.06
36.15
36.42
35.23
37.47
36.78
36.42
36.50
35.50
36.24
36.71
37.53
35.40
35.11
36.84
36.06
34.87
36.56
37.16
35.42
35.54
37.30
36.32
36.25
36.13
37.57
35.52
36.77
35.53
36.17
37.81
36.02
34.35
36.30
35.73
35.76
35.55
36.89
35.66
36.92
36.03
35.40
35.71
35.36
35.19
37.22
34.35
35.30
35.98
35.13
37.74
36.07
36.34
34.56
36.99
34.31
34.59
36.93
33.72
35.26
34.34
35.41
36.27
36.07
35.74
36.52
35.00
37.53
34.22
36.82
36.45
34.49
33.93
34.67
36.90
35.94
36.77
36.68
36.68
36.85
36.18
37.91
36.52
34.78
36.99
34.93
37.63
36.92
35.34
35.95
36.00
36.78
34.74
36.11
37.07
35.53
37.64
36.56
37.53
35.00
36.12
34.71
36.68
33.68
37.61
37.34
36.73
35.68
33.20
36.53
35.48
34.20
36.40
35.98
34.67
35.28
36.25
36.48
35.80
37.42
35.69
34.86
36.29
37.47
35.42
37.20
36.44
35.96
35.98
37.31
35.80
37.70
34.54
36.90
36.76
35.71
35.02
36.76
37.33
34.21
35.37
36.34
36.09
34.83
35.68
35.80
37.02
34.94
37.17
35.83
35.37
34.66
36.33
35.65
36.31
37.40
36.61
35.65
35.08
34.36
36.81
37.18
35.62
34.62
38.06
36.62
35.79
36.32
36.19
36.92
34.97
37.47
38.15
35.15
34.21
37.30
36.59
35.58
36.08
36.02
36.10
36.11
35.12
35.86
35.53
36.48
34.96
35.88
36.13
36.76
37.04
36.00
36.11
37.06
35.78
36.24
36.25
38.00
35.91
36.00
35.33
37.03
37.28
36.53
36.97
35.86
36.13
35.19
36.96
35.57
36.95
36.62
38.35
36.65
36.65
36.74
35.87
37.02
36.41
34.37
37.17
37.43
35.47
35.75
34.88
35.40
37.15
35.57
37.07
35.17
35.75
37.21
34.99
36.13
35.31
38.28
34.81
36.31
35.62
35.76
37.89
36.81
35.75
34.58
36.46
37.19
36.12
37.58
36.93
37.21
36.27
36.08
38.37
34.27
38.05
35.08
35.89
36.43
36.52
33.77
35.95
35.09
35.61
37.47
37.22
33.81
35.68
36.52
35.77
37.84
36.79
37.22
36.86
35.26
35.87
35.89
35.21
37.93
36.71
35.83
35.54
35.93
37.19
35.66
37.17
36.79
36.41
34.37
34.89
36.48
36.37
36.32
37.70
36.47
38.05
36.04
35.86
35.21
34.50
35.77
34.58
35.90
36.77
36.24
35.54
34.86
34.41
35.28
35.34
37.67
36.31
36.49
35.10
37.35
37.44
37.19
35.51
37.69
34.60
35.77
36.97
35.59
36.27
35.03
35.11
36.57
36.58
35.67
36.45
34.42
35.56
36.48
36.35
37.71
36.78
35.43
36.09
36.28
36.12
36.45
34.26
36.08
34.10
36.44
35.64
38.45
37.06
36.84
36.26
35.81
37.75
34.54
34.29
36.40
36.06
35.71
35.79
35.62
35.25
36.69
36.88
36.30
38.65
35.42
34.71
36.86
37.67
35.14
35.61
35.32
36.88
35.45
36.43
36.18
37.65
35.07
35.81
36.23
36.32
36.25
37.39
35.25
